# This is an automated backup - check out https://outlands.uorazorscripts.com/script/05fc58a8-4679-4d49-8c93-aae396aed41f for latest
# Automation by Jaseowns
## Script: Vendor - Empty Inventory
## Created by: jfrostp#0
#############################################


setvar! vendor
dclick vendor

cleardragdrop
clearignore

if findtype 3701 vendor as vendorBackpack
    while findtype 576|2323|2463|2475|2594|2595|2596|2597|3203|3204|3206|3207|3211|3214|3215|3217|3219|3220|3221|3222|3223|3224|3225|3226|3227|3228|3229|3230|3231|3232|3233|3234|3235|3237|3238|3239|3240|3241|3242|3243|3255|3256|3257|3258|3259|3262|3263|3268|3271|3272|3273|3288|3302|3305|3306|3307|3308|3309|3310|3311|3312|3313|3314|3320|3323|3326|3329|3332|3340|3341|3342|3343|3344|3345|3346|3347|3348|3365|3366|3367|3368|3370|3372|3374|3376|3377|3381|3383|3391|3392|3492|3496|3519|3520|3527|3528|3529|3530|3531|3568|3569|3591|3648|3649|3650|3651|3656|3657|3658|3659|3699|3700|3708|3709|3712|3713|3714|3715|3717|3718|3719|3720|3721|3722|3735|3736|3737|3738|3740|3741|3742|3762|3763|3764|3827|3834|3835|3836|3837|3838|3839|3840|3841|3842|3843|3844|3856|3859|3861|3862|3865|3873|3877|3878|3885|3897|3898|3907|3908|3909|3910|3915|3916|3917|3918|3919|3920|3936|3937|3938|3939|3985|3999|4201|4225|4226|4248|4249|4250|4251|4252|4253|4254|4255|4256|4257|4258|4259|4277|5039|5040|5041|5042|5043|5044|5049|5050|5056|5059|5060|5061|5063|5070|5074|5075|5076|5078|5085|5089|5090|5101|5103|5105|5106|5114|5115|5116|5117|5118|5119|5120|5121|5122|5123|5124|5125|5126|5127|5129|5131|5132|5138|5139|5142|5143|5144|5146|5176|5177|5178|5179|5182|5183|5186|5187|5188|5189|5190|5191|5201|5203|5204|5205|5207|5355|5356|5359|5360|5361|5362|5363|5364|5365|5366|5370|5373|5374|5376|5377|5378|5379|5416|5418|5421|5453|5661|5662|5899|5900|5901|5902|5903|5904|5905|5906|5981|5982|5983|5984|5985|5986|5987|5988|6187|6193|6238|6464|7026|7027|7029|7031|7033|7035|7107|7109|7116|7127|7128|7129|7130|7131|7132|7139|7140|7141|7142|7143|7144|7145|7146|7147|7148|7149|7150|7151|7152|7153|7154|7155|7156|7157|7158|7159|7160|7161|7162|7169|7170|7173|7175|7177|7179|7181|7610|7732|7866|8012|8417|8438|8454|8455|8478|8479|8480|8481|8484|8501|8502|8503|8750|8751|8752|8753|8786|8787|8826|8901|9917|10245|10247|10324|10527|10827|11552|11761|11762|11763|11764|11881|11882|11883|11884|11885|11886|11887|11888|11889|11890|11891|11942|12215|12282|12320|12321|12322|12323|12324|12686|13278|13290|13291|13292|13297|13298|13299|13300|13301|13305|13307|13308|13309|13310|13311|13312|13313|13314|13316|13318|13319|13320|13321|13328|13330|13335|13336|14428|14442|14444|14448|14450|14451|14454|14456|14458|14470|14484|14490|14496|14506|14512|14514|14520|14522|14530|14536|14538|14542|14544|14562|14568|14571|14574|14594|15178|15293|15294|15295|15296|15297|15298|15577|15580|15635|15638|16898|17083|17087|17686|18218|18233|18282|18283|18400|18652|18653|18658|18704|19199|19226|19227|19228|19229|19230|19231|19232|19233|19234|19235|19236|19237|19238|19239|19240|19241|19242|19243|19244|19245|19246|19247|19248|19249|19250|19251|19252|19253|19254|19255|19256|19370|19372|19403|19508|19512|19513|19520|19521|19522|19524|19525|19532|20374|20375|20376|20377|20378|20379|20381|20383|20384|20385|20391|20392|20466|20467|20495|20496|20499|20502|21397|21398|21399|21400|21401|21402|21403|21404|21405|21780|21781|21783|21784|21785|21786|21787|21788|21789|21790|21791|21797|21798|21799|21800|21801|21803|21804|21805|21806|21807|21808|21809|21810|21814|21818|21824|21826|21827|21828|21829|21830|21831|21835|21836|21838|21840|21841|21842|21843|21844|21845|21847|21848|21849|21852|21853|21856|21859|21860|21861|21862|21863|21864|21865|21866|21867|21868|21870|21871|21872|21873|21874|21875|21876|21877|21878|21879|21880|21881|21882|21883|21884|21885|21886|21889|21891|21893|21894|21895|21896|21897|21898|21899|21901|21902|21904|21905|21906|21907|21908|21909|21911|21917|21918|21921|21923|21924|21925|21926|21927|21929|21931|21933|21934|21935|21936|21937|21938|21939|21940|21942|21943|21944|21945|21947|21948|21949|21950|21951|21953|21954|21956|21957|21960|21962|21963|21964|21969|21978|21981|21988|21996|21997|21998|21999|22151|22152|22153|22154|22155|22157|22158|22163|22164|22165|22166|22167|22168|22169|22170|22171|22172|22173|22174|22175|22177|22178|22179|22180|22181|22182|22183|22184|22185|22186|22187|22188|22189|22190|22191|22192|22193|22194|22195|22196|22197|22199|22261|22264|22272|22285|22286|22287|22288|22289|22290|22291|22292|22293|22294|22295|22296|22297|22298|22326|22336|22417|22418|22419|22420|22421|22422|22423|22426|22427|22428|22429|22430|22431|22432|22433|22434|22435|22436|22437|22438|22439|22440|22441|22442|22443|22444|22445|22449|22451|22453|22455|22456|23009|23034|23035|23774|23996|23997|24175|24179|24181|24182|24183|24184|24187|24188|24190|24191|24193|24195|24196|24197|24199|24246|24345|24382|24383|24384|24385|24386|24387|24388|24389|24390|24391|24392|24393|24394|24395|24396|24397|24398|24399|24400|24401|24402|24403|24404|24405|24406|24407|24408|24409|24410|24411|24412|24413|24414|24415|24416|24417|24418|24419|24420|24421|24422|24423|24424|24425|24426|24427|24428|24429|24430|24431|24432|24433|24434|25647|25670|25730|25750|25758|25759|26640|26664|26669|26670|26671|26672|26688|26689|26693|26700|26701|26719|26720|26721|26724|26732|26734|26735|26736|26737|27561|27562|27563|27564|27565|27577|27580|27584|27611|27612|27640|27642|28760|28765|28768|28775|28795|28799|28803|28879|28880|28881|28883|28885|28908|28909|28910|28911|28924|28994|28995|29001|29024|29025|29026|29027|29028|29029|29030|29031|29032|29033|29034|29035|29036|29037|29038|29040|29064|29103|29104|29105|29106|29107|29108|29142|29343|29345|29350|29352|29354|29355|29382|29425|29428|29430|29431|29463|29495|29497|29498|29502|29773|29774|29832|29833|30561|30562|30563|30564|30565|30566|30567|30568|30573|30574|30575|30576|30577|30578|30579|30580|30582|30583|30586|30587|30588|30589|30590|30591|30592|30596|30599|30601|30602|30603|30604|30608|30609|30610|30611|30612|30613|30614|30615|30617|30618|30621|30622|30623|30624|30625|30626|30627|30628|30629|30630|30631|30632|30633|30634|30635|30636|30637|30638|30639|30640|30641|30642|30643|30644|30645|30646|30647|30648|30649|30650|30651|30652|30653|30655|30657|30658|30659|30660|30661|30662|30663|30765|30766|30767|30768|30769|30770|30771|30772|30773|30775|30776|30778|30818|30819|30821|30822|30823|30825|30826|30827|30828|30829|30850|30851|30852|30853|30854|30855|30856|30857|30858|30859|30860|30866|30867|30868|30869|30870|30871|30872|30878|30967|30969|30970|30971|30972|30973|30974|30975|30976|30977|30978|30979|30980|30981|30982|30983|30984|30985|30986|36752|39264|39343|39344|39345|39346|39347|39348|39349|39350|39351|39352|39353|39517|40800|41459|41460|41461|41462|41510|42227|42239|42240|42242|42243|42244|42516|42517|42519|42564|42574|42665|43159|43160|43161|43162|43163|43164|43165|43166|43167|43168|43169|43170|43171|43172|43173|43174|43175|43176|43177|43178|43179|43180|43181|43182|43206|43207|43208|43209|43210|43277|43279|43320|44310|44312|44314|44328|44795|44796|44797|44798|44799|44800|44801|44804|44805|44808|44810|44986|45002|45120|45156|45157|45182|45193|45208|45211|45214|45216|45218|45220|45222|45235|45236|45238|45239|45241|45242|45246|45247|45248|45250|45251|45252|45254|45255|45257|45281|45282|45285|45300|45315|45316|45371|45372|45373|45374|45375|45376|45377|45378|45379|45380|45381|45382|45383|45384|45385|45386|45387|45388|45389|45390|45391|45392|45393|45394|45395|45396|45397|45398|45399|45400|45401|45402|45403|45404|45405|45406|45407|45408|45409|45410|45411|45412|45413|45414|45415|45416|45417|45418|45419|45420|45421|45422|45423|45424|45425|45426|45427|45428|45429|45430|45828|45830|47107|47109|47111|48261|48357|48358|48359|48360|48361|48362|48363|48364|48365|48366|48367|48368|48369|48370|48371|48372|48373|48374|48375|48376|48377|48378|48379|48380|48381|48382|48383|48384|48385|48386|48387|48388|48389|48390|48391|48392|48393|48394|48395|48396|48397|48398|48399|48400|48401|48402|48403|48404|48405|48406|48407|50298|50308|50675|51078|51094|51098|51100|51200|51201|51202|51203|51204|51205|51206|51207|51208|51209|51210|51211|51212|51213|51214|51215|51216|51217|51218|51219|51220|51221|51222|51223|51224|51225|51226|51227|51228|51229|51230|51231|51232|51233|51234|51235|51236|51237|51238|51239|51240|51241|51242|51243|51244|51245|51246|51247|51248|51249|51250|51251|51252|51253|51254|51255|51256|51257|51258|51259|51260|51261|51262|51263|51264|51265|51266|51267|51268|51269|51270|51271|51272|51273|51274|51275|51276|51277|51278|51279|51280|51281|51282|51283|51284|51285|51286|51287|51288|51289|51290|51291|51292|51293|51294|51295|51296|51297|51298|51299|51300|51301|51302|51303|51304|51305|51306|51307|51308|51309|51310|51311|51312|51313|51314|51315|51316|51317|51318|51319|51320|51321|51322|51323|51324|51325|51326|51327|51328|51329|51330|51331|51332|51333|51334|51335|51336|51337|51338|51339|51340|51341|51342|51343|51344|51345|51346|51347|51348|51349|51350|51351|51352|51353|51354|51355|51356|51357|51358|51359|51360|51361|51362|51363|51364|51365|51366|51367|51368|51369|51370|51371|51372|51373|51374|51375|51400|51401|51402|51403|51404|51405|51406|51407|51408|51409|51430|51431|51432|51433|51434|51435|51436|51437|51438|51439|51440|51441|51442|51443|51444|51445|51446|51447|51448|51449|51470|51471|51472|51473|51474|51475|51476|51477|51478|51479|52149|53547|53548|53549|53550|53551|53552|53553|53554|53555|53556|53557|53558|53559|53560|53561|53562|53563|53564|53565|53566|53567|53568|53569|53570|53571|53572|53573|53574|53575|53576|53577|53578|53579|53580|53581|53582|53583|53584|53585|53586|53587|53588|53589|53590|53591|53592|53593|53594|53595|53596|53597|53598|53599|53600|53601|53602|53603|53604|53605|53606|53607|53608|53609|53610|53611|44315|7034|55139|5112|5113|5180|5181|3932|3933|5039|5040|3921|3922|5184|5185|5045|5046|3934|3935|3913|3914|3911|3912|39909|39898|39917|39905|39891|39918|39912|39916|39889|39911|39896|39897|39892|31118|31120|31119|31124|31122|31117|31123|31125|31121|31126|33342|33345|33344|33343|53550|53562|53594|53557|33323|22489|53598|53582|53578|54718|42648|44987|43453|45320|28993|41509|54717|3786|3787|3788|3789|3790|3791|3792|3793|3794|3637|3638|3639|3640|3641|3642|3828|3829|3830|3831|3832|3833|23867|23867|23868|23869|23870|23871|23872|23873|23874|23875|23876|23877|23878|23879|23880|23881|23882|23883|23884|23885|23886|23887|23889|23890|23891|23892|23893|23894|23895|23899|23900|23901|23902|23903|23904|23905|23906|23907|23908|23909|23910|23953|23954|23955|23956|30585|29012|41509|51410|51411|51412|51413|51414|51415|51416|51417|51418|51419|51420|51421|51422|51423|51424|51425|51426|51427|51428|51429|51450|51451|51452|51453|51454|51455|51456|51457|51458|51459|51460|51461|51462|51463|51464|51465|51466|51467|51468|51469|44987|43453|45320|45388|31150|31156|31157|31152|31155|31154|31151|31153|31149|31148|31143|31144|31163|31164|29868|2419|2409|2413|2418|2213|2425|2207|2219|1763|54752|54753|54754|55696|54109|52140|54103|55052|54789|54111|41634|25533|54099|54115|55694|54107|44720|48802|23050|55789|54220|54195|51037|53139|55108|55003|52867|51988|23048|55675|49211|50651|54578|54627|25490|53877|23052|52622|55547|55402|7385|53982|52618|7377|49063|23051|52060|3108|52276|55773|55791|54883|49100|54965|53422|3092|3091|53343|54163|52817|54887|53408|52417|49299|54476|51998|52488|54580|54901|53451|51045|54576|55336|18083|54357|52630|49535|54557|53775|52496|52216|54167|49215|54327|41642|54121|25531|49079|51058|52217|52504|49118|54361|49301|53127|55013|54359|41662|54953|55318|49088|50285|44722|17081|29045|53920|51060|54869|49584|55207|51041|53355|49767|54161|53681|54951|54600|54590|52142|52634|55209|54608|54650|51043|42493|49316|41605|53895|53821|49306|49324|55820|55818|52144|41607|54488|49807|51996|55398|55432|52002|55890|52414|55607|48807|54917|54639|45285|55874|55845|55822|55824|55849|55787|55887|55457|55963|55041|55843|55842|52819|49816|9002|55239|48302|55863|49035|54459|49302|49297|55855|41614|52821|9006|53134|49571|54652|54454|4656|49114|55400|11225|53338|55376|49330|53334|53409|52932|55753|55434|51047|53899|11231|54981|41669|52032|51494|52034|41596|54498|55450|51049|49053|52221|49633|55578|54486|52219|18075|9078|55763|49765|54164|55926|44716|9010|41679|54572|48815|55751|55745|49359|49766|55747|41675|42851|42850|54984|54192|48825|42847|49749|51076|55217|54864|46527|52831|52824|55590|55247|49738|40958|55859|54496|53418|54582|42854|53963|40980|49764|52651|23049|52507|50632|54973|49613|52703|54659|55211|54664|49819|49985|49810|18087|49806|52030|44718|55939|53969|51062|3892|52679|54785|54923|53869|40960|55755|54832|49769|41584|52652|41680|55173|49224|40981|54463|53181|41967|49039|51064|48295|55867|55777|48299|51056|54847|53904|53179|25529|53441|49382|55869|9076|54194|51965|53331|54207|55793|54793|49058|48291|19528|48805|49113|53837|55340|41632|55338|49293|54191|54205|55121|53178|54678|49650|54630|55674|49762|49760|49768|52675|54214|49763|55738|42843|42830|54490|52677|49698|25569|42832|42834|42836|54920|42836|42843|42830|54925|54474|52678|52676|53038|25527|53675|54947|48822|42380|54908|53326|53053|52870|52044|55668|25538|54201|54455|49042|41973|53192|48303|52203|49561|11227|41631|18085|11229|53769|49557|41674|41671|55555|55047|56144|55736|54088|54854|54844|51055|52227|55225|53411|3773|21387|52844|49578|49574|49554|52655|52236|51986|48823|54997|52000|54815|55447|49110|54321|55386|41619|55456|52620|55879|54182|54583|53347|9079|55164|53964|40955|55775|55744|53450|53416|54319|19529|52506|54497|40959|52653|55933|54666|41646|41638|40954|53906|49580|52696|54184|49070|52705|55765|54366|49582|54185|53902|53892|55419|49334|54221|18082|49235|54199|54584|51016|52757|52731|52689|48820|48827|52649|54574|53413|55161|53813|54197|49229|55159|54856|55159|53161|54859|55443|54563|55234|54216|49770|53327|52648|49789|47148|54682|52200|49683|52229|52231|49295|55193|49236|52512|49784|22717|48793|54162|52233|55764|52514|55005|55157|52146|55157|55157|25526|49812|49814|52960|49804|49857|53415|55543|53946|54656|54222|52486|53954|25535|22845|54218|52957|49597|41650|44724|52577|55743|53037|49314|55785|53912|49527|53792|49555|55409|53375|49291|55741|47229|43461|25583|47227|28376|44846|47209|19583|47219|28314|47223|44837|47205|44921|44926|47213|45835|47211|44925|44951|45839|45832|41451|41455|19582|25581|44923|44949|44957|28322|44131|44127|19793|41453|41998|44129|44929|40697|41466|44919|44955|27668|44953|28263|44959|47225|47221|27668|41449|47214|47217|47194|28350|28410|4831|28344|44836|28237|28238|47203|47207|27666|42000|42003|5645|43375|40702|40698|40701|40698|19795|40702|28341|5534|47201|19785|19812|19799|19805|49672|56235|56160|56162|56192|56170|56206|56238|56164|56214|56186|56204|9253|56250|56181|56212|56173|56176|54454|56215|30565|30566|31166|10136|20012|20016|20014|20010|20006|20008|31130|31002|11893|11895|19814|30994|30990|30995|30993|31184|31186|31182|30991|31178|30999|31001|31001|31176|30992|30997|30996|30998|30998|31188|31128|31190|30988|31142|31141|31025|31035|31051|31051|31019|31033|31041|31055|31017|31047|31027|31038|31021|31029|31049|31043|31053|31023|31045|31031|31191|31012|31003|31004|31009|31010|7947|31006|31007|31005|31015|31008|31207|31202|31199|56326|31200|31203|31198|31206|31204|31197|31201|56274|56276|56314|56293|56252|56308|56311|56275|56330|56313|56319|56323|4025|4026|31213|31216|31211|31212|31210|31214|31215|56401|56401|56390|56426|56409|56387|56399|56436|56445|56453|56395|56418|56424|56392|56393|56381|56433|8031|8032|8040|8041|8042|8043|8044|29421|37181|2726|31172|31169 vendorBackpack as item
        lift item
        wait 300
        drop backpack
        wait 300
    endwhile
endif