# This is an automated backup - check out https://outlands.uorazorscripts.com/script/654696bf-b0eb-4785-ab47-6fbc3d6232d5 for latest
# Automation by Jaseowns
## Script: Restock 10
## Created by: zerotokraken#0
#############################################

!Razor.Agents.Restock
18656,100
45127,100
18653,100
43206,100
5899,100
5901,100
5905,100
3985,100
24434,100
8826,100
5903,100
3836,100
3827,100
22336,100
29025,100
3843,100
3838,100
29036,100
15296,100
48407,100
4248,100
5981,100
5356,100
3861,100
3877,100
3856,100
3885,100
3865,100
3878,100
3873,100
3862,100
3859,100
3976,10000
3963,10000
3980,10000
3981,10000
3974,10000
3973,10000
3972,10000
3962,10000
3834,100
22187,100
3713,100
5182,100
3742,100
5112,100
5042,100
5121,100
5085,100
7035,100
7029,100
3909,100
3937,100
5123,100
3762,100
7177,100
5101,100
5142,100
5125,100
5207,100
7033,100
7031,100
3617,10000
5103,100
3740,100
5117,100
29030,100
5049,100
5177,100
5070,100
3719,100
5146,100
7163,10000
3934,100
5060,100
5205,100
7175,100
5132,100
5078,100
17087,100
3763,100
5090,100
5106,100
5127,100
5139,100
5179,100
5131,100
5046,100
10245,100
5138,100
3932,100
7027,100
5061,100
7610,100
22326,100
5187,100
3721,100
7034,100
5074,100
3913,100
5044,100
5056,100
3920,100
5129,100
5119,100
5059,100
5203,100
7026,100
5135,100
3568,100
5204,100
7181,100
7170,100
3903,10000
5063,100
5076,100
5089,100
5143,100
3938,100
5201,100
5185,100
7179,100
5040,100
5105,100
3911,100
5144,100
9917,100
7169,100
3915,100
3917,100
5181,100
5075,100
7173,100
5115,100
39897,100
576,100
39918,100
39898,100
39911,100
39905,100
39892,100
39889,100
41509,100
39917,100
39891,100
8026,100
39909,100
43423,100
39896,100
39912,100
39916,100
27611,100
3821,100000
